[gd_scene load_steps=9 format=3 uid="uid://cqsvvru37453e"]

[ext_resource type="Script" path="res://scenes/alchemy/dispenser.gd" id="1_84j7u"]
[ext_resource type="ArrayMesh" uid="uid://dgs7ownef4y3m" path="res://assets/models/ingredients/banana.res" id="2_blaon"]
[ext_resource type="Script" path="res://scripts/classes/interaction_component.gd" id="3_h8d5w"]

[sub_resource type="ConvexPolygonShape3D" id="ConvexPolygonShape3D_8tspe"]
points = PackedVector3Array(0.0361559, 0.14493, 0.299858, -0.0301075, 0.00604401, -0.0178763, 0.0324762, 0.00604401, -0.0178763, 0.0161642, 0.204935, -0.319898, -0.0337857, 0.174933, 0.319898, -0.0337857, 0.164925, -0.319898, -0.0737984, 0.0749801, 0.139909, 0.0661434, 0.0849877, -0.0999526, 0.0331275, 0.0132307, 0.127795, 0.0261601, 0.18494, 0.319898, 0.0161642, 0.14493, -0.319898, -0.0311678, 0.0213584, 0.147973, 0.0661434, 0.0849877, 0.179927, -0.0337857, 0.18494, -0.319898, -0.0237898, 0.194927, 0.319898, -0.0303735, 0.0142765, -0.0721696, -0.0625155, 0.0617548, -0.0339432, -0.0223827, 0.0763884, 0.245254, 0.0261601, 0.194927, -0.319898, 0.0320382, 0.016188, -0.0705598, -0.013794, 0.204935, -0.319898, 0.0654421, 0.0614122, -0.00853502, 0.0245168, 0.0766237, 0.242806, -0.053792, 0.104962, 0.249881, 0.0161642, 0.194927, 0.319898, -0.0237898, 0.14493, -0.319898, -0.0337857, 0.154918, 0.319898, 0.0261601, 0.14493, -0.309815, -0.0373332, 0.0100858, 0.0599015, 0.0330507, 0.00432013, 0.063744, 0.023744, 0.0593359, -0.162526, 0.0561476, 0.104962, 0.239861)

[sub_resource type="ConvexPolygonShape3D" id="ConvexPolygonShape3D_425i6"]
points = PackedVector3Array(0.0361559, 0.14493, 0.299858, -0.0301075, 0.00604401, -0.0178763, 0.0324762, 0.00604401, -0.0178763, 0.0161642, 0.204935, -0.319898, -0.0337857, 0.174933, 0.319898, -0.0337857, 0.164925, -0.319898, -0.0737984, 0.0749801, 0.139909, 0.0661434, 0.0849877, -0.0999526, 0.0331275, 0.0132307, 0.127795, 0.0261601, 0.18494, 0.319898, 0.0161642, 0.14493, -0.319898, -0.0311678, 0.0213584, 0.147973, 0.0661434, 0.0849877, 0.179927, -0.0337857, 0.18494, -0.319898, -0.0237898, 0.194927, 0.319898, -0.0303735, 0.0142765, -0.0721696, -0.0625155, 0.0617548, -0.0339432, -0.0223827, 0.0763884, 0.245254, 0.0261601, 0.194927, -0.319898, 0.0320382, 0.016188, -0.0705598, -0.013794, 0.204935, -0.319898, 0.0654421, 0.0614122, -0.00853502, 0.0245168, 0.0766237, 0.242806, -0.053792, 0.104962, 0.249881, 0.0161642, 0.194927, 0.319898, -0.0237898, 0.14493, -0.319898, -0.0337857, 0.154918, 0.319898, 0.0261601, 0.14493, -0.309815, -0.0373332, 0.0100858, 0.0599015, 0.0330507, 0.00432013, 0.063744, 0.023744, 0.0593359, -0.162526, 0.0561476, 0.104962, 0.239861)

[sub_resource type="ConvexPolygonShape3D" id="ConvexPolygonShape3D_pe1yg"]
points = PackedVector3Array(0.0361559, 0.14493, 0.299858, -0.0301075, 0.00604401, -0.0178763, 0.0324762, 0.00604401, -0.0178763, 0.0161642, 0.204935, -0.319898, -0.0337857, 0.174933, 0.319898, -0.0337857, 0.164925, -0.319898, -0.0737984, 0.0749801, 0.139909, 0.0661434, 0.0849877, -0.0999526, 0.0331275, 0.0132307, 0.127795, 0.0261601, 0.18494, 0.319898, 0.0161642, 0.14493, -0.319898, -0.0311678, 0.0213584, 0.147973, 0.0661434, 0.0849877, 0.179927, -0.0337857, 0.18494, -0.319898, -0.0237898, 0.194927, 0.319898, -0.0303735, 0.0142765, -0.0721696, -0.0625155, 0.0617548, -0.0339432, -0.0223827, 0.0763884, 0.245254, 0.0261601, 0.194927, -0.319898, 0.0320382, 0.016188, -0.0705598, -0.013794, 0.204935, -0.319898, 0.0654421, 0.0614122, -0.00853502, 0.0245168, 0.0766237, 0.242806, -0.053792, 0.104962, 0.249881, 0.0161642, 0.194927, 0.319898, -0.0237898, 0.14493, -0.319898, -0.0337857, 0.154918, 0.319898, 0.0261601, 0.14493, -0.309815, -0.0373332, 0.0100858, 0.0599015, 0.0330507, 0.00432013, 0.063744, 0.023744, 0.0593359, -0.162526, 0.0561476, 0.104962, 0.239861)

[sub_resource type="ConvexPolygonShape3D" id="ConvexPolygonShape3D_d1158"]
points = PackedVector3Array(0.0361559, 0.14493, 0.299858, -0.0301075, 0.00604401, -0.0178763, 0.0324762, 0.00604401, -0.0178763, 0.0161642, 0.204935, -0.319898, -0.0337857, 0.174933, 0.319898, -0.0337857, 0.164925, -0.319898, -0.0737984, 0.0749801, 0.139909, 0.0661434, 0.0849877, -0.0999526, 0.0331275, 0.0132307, 0.127795, 0.0261601, 0.18494, 0.319898, 0.0161642, 0.14493, -0.319898, -0.0311678, 0.0213584, 0.147973, 0.0661434, 0.0849877, 0.179927, -0.0337857, 0.18494, -0.319898, -0.0237898, 0.194927, 0.319898, -0.0303735, 0.0142765, -0.0721696, -0.0625155, 0.0617548, -0.0339432, -0.0223827, 0.0763884, 0.245254, 0.0261601, 0.194927, -0.319898, 0.0320382, 0.016188, -0.0705598, -0.013794, 0.204935, -0.319898, 0.0654421, 0.0614122, -0.00853502, 0.0245168, 0.0766237, 0.242806, -0.053792, 0.104962, 0.249881, 0.0161642, 0.194927, 0.319898, -0.0237898, 0.14493, -0.319898, -0.0337857, 0.154918, 0.319898, 0.0261601, 0.14493, -0.309815, -0.0373332, 0.0100858, 0.0599015, 0.0330507, 0.00432013, 0.063744, 0.023744, 0.0593359, -0.162526, 0.0561476, 0.104962, 0.239861)

[sub_resource type="ConvexPolygonShape3D" id="ConvexPolygonShape3D_ds7vd"]
points = PackedVector3Array(0.0361559, 0.14493, 0.299858, -0.0301075, 0.00604401, -0.0178763, 0.0324762, 0.00604401, -0.0178763, 0.0161642, 0.204935, -0.319898, -0.0337857, 0.174933, 0.319898, -0.0337857, 0.164925, -0.319898, -0.0737984, 0.0749801, 0.139909, 0.0661434, 0.0849877, -0.0999526, 0.0331275, 0.0132307, 0.127795, 0.0261601, 0.18494, 0.319898, 0.0161642, 0.14493, -0.319898, -0.0311678, 0.0213584, 0.147973, 0.0661434, 0.0849877, 0.179927, -0.0337857, 0.18494, -0.319898, -0.0237898, 0.194927, 0.319898, -0.0303735, 0.0142765, -0.0721696, -0.0625155, 0.0617548, -0.0339432, -0.0223827, 0.0763884, 0.245254, 0.0261601, 0.194927, -0.319898, 0.0320382, 0.016188, -0.0705598, -0.013794, 0.204935, -0.319898, 0.0654421, 0.0614122, -0.00853502, 0.0245168, 0.0766237, 0.242806, -0.053792, 0.104962, 0.249881, 0.0161642, 0.194927, 0.319898, -0.0237898, 0.14493, -0.319898, -0.0337857, 0.154918, 0.319898, 0.0261601, 0.14493, -0.309815, -0.0373332, 0.0100858, 0.0599015, 0.0330507, 0.00432013, 0.063744, 0.023744, 0.0593359, -0.162526, 0.0561476, 0.104962, 0.239861)

[node name="Bunch" type="StaticBody3D"]
script = ExtResource("1_84j7u")
ingredient_type = 12

[node name="Mesh" type="MeshInstance3D" parent="."]
transform = Transform3D(0.957209, -0.204112, 0.205156, 0.253037, 0.934317, -0.251048, -0.140439, 0.292218, 0.945984, 0.0918418, -0.227072, 0.216853)
mesh = ExtResource("2_blaon")
skeleton = NodePath("../../..")

[node name="CollisionShape3D" type="CollisionShape3D" parent="."]
transform = Transform3D(0.957209, -0.204112, 0.205156, 0.253037, 0.934317, -0.251048, -0.140439, 0.292218, 0.945984, 0.0918418, -0.227072, 0.216853)
shape = SubResource("ConvexPolygonShape3D_8tspe")

[node name="Mesh2" type="MeshInstance3D" parent="."]
transform = Transform3D(0.971906, -0.204112, -0.1172, 0.157668, 0.934317, -0.319677, 0.174752, 0.292218, 0.94025, 0.001264, -0.246355, 0.215242)
mesh = ExtResource("2_blaon")
skeleton = NodePath("../../..")

[node name="CollisionShape3D2" type="CollisionShape3D" parent="."]
transform = Transform3D(0.971906, -0.204112, -0.1172, 0.157668, 0.934317, -0.319677, 0.174752, 0.292218, 0.94025, 0.001264, -0.246355, 0.215242)
shape = SubResource("ConvexPolygonShape3D_425i6")

[node name="Mesh3" type="MeshInstance3D" parent="."]
transform = Transform3D(0.819812, -0.204112, -0.53502, 0, 0.934317, -0.356445, 0.572632, 0.292218, 0.765964, -0.116138, -0.256687, 0.166269)
mesh = ExtResource("2_blaon")
skeleton = NodePath("../../..")

[node name="CollisionShape3D3" type="CollisionShape3D" parent="."]
transform = Transform3D(0.819812, -0.204112, -0.53502, 0, 0.934317, -0.356445, 0.572632, 0.292218, 0.765964, -0.116138, -0.256687, 0.166269)
shape = SubResource("ConvexPolygonShape3D_pe1yg")

[node name="Mesh4" type="MeshInstance3D" parent="."]
transform = Transform3D(0.930136, 7.45058e-09, -0.367216, 0, 1, 5.96046e-08, 0.367216, 0, 0.930136, -0.103183, -0.167535, 0.261356)
mesh = ExtResource("2_blaon")
skeleton = NodePath("../../..")

[node name="CollisionShape3D4" type="CollisionShape3D" parent="."]
transform = Transform3D(0.930136, 7.45058e-09, -0.367216, 0, 1, 5.96046e-08, 0.367216, 0, 0.930136, -0.103183, -0.167535, 0.261356)
shape = SubResource("ConvexPolygonShape3D_d1158")

[node name="Mesh5" type="MeshInstance3D" parent="."]
transform = Transform3D(1, -4.09782e-08, -4.47035e-08, -7.45058e-09, 1, 2.98023e-08, 0, 5.96046e-08, 1, -7.45058e-09, -0.167535, 0.280987)
mesh = ExtResource("2_blaon")
skeleton = NodePath("../../..")

[node name="CollisionShape3D5" type="CollisionShape3D" parent="."]
transform = Transform3D(1, -4.09782e-08, -4.47035e-08, -7.45058e-09, 1, 2.98023e-08, 0, 5.96046e-08, 1, -7.45058e-09, -0.167535, 0.280987)
shape = SubResource("ConvexPolygonShape3D_ds7vd")

[node name="InteractionComponent" type="Node" parent="." node_paths=PackedStringArray("mesh")]
script = ExtResource("3_h8d5w")
mesh = NodePath("../Mesh")
